Наш массив данных:
 1443291
 26673
 15106
 20174
 40105
 13059
 13013
 14157
 24091
 18562
 206524
 84986
 23506
 17346
 11851
 26144
 33679
 37441
 816874
 329208
 10523
 48640
 42683
 3053
 17438
 10059
 30827
 31071
 7276
 5067
 125624
 256345
 3428
 4300
 862
 10816
 2797
 3336
 5548
 65010
 35906
 15754
 39545
 69043
 734117
 108237
 17012
 12617
 100982
 35706
 14577
 21127
 97174
 47588
 18528
 70482
 543
 108071
 47221
 34795
 723913
 15393
 149770
 461618
 242486
 161617
 97132
 519989
 481
 13388
 1576
 8983
Длина массива=72


Отсортируем его:
 481
 543
 862
 1576
 2797
 3053
 3336
 3428
 4300
 5067
 5548
 7276
 8983
 10059
 10523
 10816
 11851
 12617
 13013
 13059
 13388
 14157
 14577
 15106
 15393
 15754
 17012
 17346
 17438
 18528
 18562
 20174
 21127
 23506
 24091
 26144
 26673
 30827
 31071
 33679
 34795
 35706
 35906
 37441
 39545
 40105
 42683
 47221
 47588
 48640
 65010
 69043
 70482
 84986
 97132
 97174
 100982
 108071
 108237
 125624
 149770
 161617
 206524
 242486
 256345
 329208
 461618
 519989
 723913
 734117
 816874
 1443291
Длина массива=72


Удалим спорные члены:
 481
 543
 862
 1576
 2797
 3053
 3336
 3428
 4300
 5067
 5548
 7276
 8983
 10059
 10523
 10816
 11851
 12617
 13013
 13059
 13388
 14157
 14577
 15106
 15393
 15754
 17012
 17346
 17438
 18528
 18562
 20174
 21127
 23506
 24091
 26144
 26673
Длина массива=37


1. Приближённая ширина интервала=4230,829819121082


2. xMinShtrih=-153,64999999999998
3. xMaxShtrih=27307,65
4. Число интервалов=6
Правая граница последнего интервала 
равна 25867, что меньше xMax. Увеличим deltaX.
Новый deltaX=4365,400000000489
Правые границы интервалов:
 4846,400000000489
 9211,800000000978
 13577,200000001467
 17942,600000001956
 22308,000000002445
 26673,400000002934



Интервалы:
0)
 481
 543
 862
 1576
 2797
 3053
 3336
 3428
 4300
1)
 5067
 5548
 7276
 8983
2)
 10059
 10523
 10816
 11851
 12617
 13013
 13059
 13388
3)
 14157
 14577
 15106
 15393
 15754
 17012
 17346
 17438
4)
 18528
 18562
 20174
 21127
5)
 23506
 24091
 26144
 26673



Границы интервалов:
0) [481,0;4846,4]
1) [4846,4;9211,8]
2) [9211,8;13577,2]
3) [13577,2;17942,6]
4) [17942,6;22308,0]
5) [22308,0;26673,4]



Частоты интервалов:
 9
 4
 8
 8
 4
 4



Частости интервалов:
 0,24324324324324326
 0,10810810810810811
 0,21621621621621623
 0,21621621621621623
 0,10810810810810811
 0,10810810810810811



Накопленная частота: 9
 13
 21
 29
 33
 37



 Интегральная оценка:
 0,24324324324324326
 0,35135135135135137
 0,5675675675675675
 0,7837837837837838
 0,8918918918918919
 1



Дифференциальная оценка:
 5,5720724E-05
 2,4764766E-05
 4,952953E-05
 4,952953E-05
 2,4764766E-05
 2,4764766E-05



Середины интервалов:
 2390,5
 7025
 11723,5
 15797,5
 19827,5
 25089,5



5. Выборочное среднее: 
12147,310810810812


6. Выборочная дисперсия=53396776,45069393


Выборочное среднее квадратическое отклонение=7307,309795724685


7. Предельная абсолютная ошибка дельта\*треугольник*\=2058,225592462453


8. Интегральная оценка для математического ожидания: 
<х с чертой сверху> - <треугольник> < M(x) < <х с чертой сверху> + <треугольник> 
 10089,085218348358<M(x)<14205,536403273265


9. Относительная точность мат.ожидания=0,16943878563069958


10. Размах вариации=26192


11. Коэфициент вариации=0,6015578188072175